sep=2	barwidth=20	rows=17	cols=4	population=27.04	pseudo=0.01
//Colors and order
A	0	255	0
C	0	0	255
G	0	0	0
T	255	0	0
//logscore=1.25369159845067	1.80088783149116	1.5854019259476	1.80672344012681	1.86125245207763	1.86224207654909	1.846934706928	1.60759625293687	1.81701333831049	1.88547657320293	1.5854019259476	1.32441906916585	0.0142486396480423	0.0142486396480423	1.94584119378941	1.45678585521319	1.78593025830204
//Weight
A	C	G	T
0.185281065088757	0.000369822485207101	0.148298816568047	0.666050295857988
0.444156804733728	0.111316568047337	0.148298816568047	0.296227810650888
0.592085798816568	0.185281065088757	0.0743343195266272	0.148298816568047
0.148298816568047	0.481139053254438	0.148298816568047	0.222263313609467
0.185281065088757	0.222263313609467	0.148298816568047	0.444156804733728
0.333210059171598	0.111316568047337	0.185281065088757	0.370192307692308
0.296227810650888	0.0743343195266272	0.296227810650888	0.333210059171598
0.259245562130178	0.0743343195266272	0.111316568047337	0.555103550295858
0.148298816568047	0.111316568047337	0.333210059171598	0.407174556213018
0.296227810650888	0.111316568047337	0.222263313609467	0.370192307692308
0.185281065088757	0.0743343195266272	0.148298816568047	0.592085798816568
0.111316568047337	0.592085798816568	0.000369822485207101	0.296227810650888
0.998890532544379	0.000369822485207101	0.000369822485207101	0.000369822485207101
0.000369822485207101	0.998890532544379	0.000369822485207101	0.000369822485207101
0.222263313609467	0.185281065088757	0.370192307692308	0.222263313609467
0.0373520710059172	0.185281065088757	0.148298816568047	0.629068047337278
0.444156804733728	0.0743343195266272	0.259245562130178	0.222263313609467
