sep=2	barwidth=20	rows=17	cols=4	population=903.04	pseudo=0.01
//Colors and order
A	0	255	0
C	0	0	255
G	0	0	0
T	255	0	0
//logscore=1.77871820615433	1.76535369955146	1.73077288994068	1.81060440480049	1.80978050057331	1.83529428338668	1.76050981327727	1.77903373587966	1.78410709591103	1.3361421637608	1.82406861428711	0.84236688428484	0.000594829908395493	0.000594829908395493	1.59215470812889	1.86790963570227	1.91316825251138
//Weight
A	C	G	T
0.19712305102764	0.138432406094968	0.160579819277108	0.503864723600283
0.179405120481928	0.143969259390503	0.161687189936215	0.514938430191354
0.172760896527286	0.155042965981573	0.137325035435861	0.53487110205528
0.199337792345854	0.162794560595322	0.152828224663359	0.485039422395464
0.204874645641389	0.165009301913536	0.146184000708717	0.483932051736357
0.24916947200567	0.14507663004961	0.152828224663359	0.452925673281361
0.196015680368533	0.14507663004961	0.143969259390503	0.514938430191354
0.20819675761871	0.12292921686747	0.170546155209072	0.498327870304748
0.176083008504607	0.172760896527286	0.147291371367824	0.503864723600283
0.148398742026931	0.0919228384124734	0.062023830616584	0.697654588944011
0.270209514528703	0.0719901665485471	0.38648343373494	0.27131688518781
0.0221584868887314	0.790673724309001	1.10737065910702e-05	0.187156715095677
0.999966778880227	1.10737065910702e-05	1.10737065910702e-05	1.10737065910702e-05
1.10737065910702e-05	1.10737065910702e-05	0.999966778880227	1.10737065910702e-05
0.248062101346563	0.0775270198440822	0.56809222182849	0.106318656980865
0.245847360028349	0.136217664776754	0.189371456413891	0.428563518781006
0.28239059177888	0.143969259390503	0.200445163004961	0.373194985825656
