sep=2	barwidth=20	rows=17	cols=4	population=111355.04	pseudo=0.01
//Colors and order
A	0	255	0
C	0	0	255
G	0	0	0
T	255	0	0
//logscore=1.77385550994493	1.75624685315597	1.75197755155907	1.7622247870139	1.82623225638364	1.7954077796454	1.7748135535103	1.78321255134792	1.75029636125037	1.53839737731065	1.85316259122855	1.24424440120028	6.69516845425501e-06	6.69516845425501e-06	1.69612279290562	1.86798528539346	1.93355923628082
//Weight
A	C	G	T
0.193085198478668	0.138898158538671	0.160468803208189	0.507547839774473
0.189115912490355	0.13732660865642	0.155188395603827	0.518369083249398
0.191145456909719	0.133662652359516	0.155125533608537	0.520066357122228
0.183943268306491	0.1361950927412	0.16449197090675	0.51536966804556
0.207947570222237	0.142166982293752	0.178330590155596	0.471554857328416
0.20827984076877	0.147294725052409	0.152350625530735	0.492074808648086
0.209447277824156	0.130977547132128	0.157065275177486	0.50250989986623
0.196605470214909	0.12873247587177	0.175609563788042	0.499052490125279
0.194153852398598	0.137093121245343	0.148013147855723	0.520739878500336
0.162246899646392	0.110430654957333	0.102842314097323	0.624480131298952
0.263876785460272	0.0853127976964491	0.375322122824436	0.275488294018843
0.0673971290387934	0.642494583092063	0.00822603090080162	0.281882256968342
0.999999730591449	8.98028504143144e-08	8.98028504143144e-08	8.98028504143144e-08
8.98028504143144e-08	8.98028504143144e-08	0.999999730591449	8.98028504143144e-08
0.250648825594243	0.103578697470721	0.524727125058731	0.121045351876305
0.23851646050327	0.144870048091222	0.182919515811767	0.433693975593741
0.300202038452862	0.142642937400947	0.223770832465239	0.333384191680951
