sep=2	barwidth=20	rows=17	cols=4	population=162.04	pseudo=0.01
//Colors and order
A	0	255	0
C	0	0	255
G	0	0	0
T	255	0	0
//logscore=1.74213438115903	1.88002080629728	1.82013831138996	1.94584457364182	1.86990954784022	1.93996268089203	1.92398601076407	1.77888896050672	1.89981157258467	1.68961162386937	1.83298109295554	1.52772063418388	0.00285607699069995	0.00285607699069995	1.45516445258164	1.63737603166296	1.80021299325418
//Weight
A	C	G	T
0.308627499382868	0.185201184892619	0.0617748704023698	0.444396445322143
0.296284867933844	0.166687237719082	0.142001974821032	0.395025919526043
0.432053813873118	0.172858553443594	0.104974080473957	0.290113552209331
0.327141446556406	0.240743026413231	0.148173290545544	0.283942236484819
0.265428289311281	0.277770920760306	0.0926314490249321	0.364169340903481
0.314798815107381	0.209886447790669	0.154344606270057	0.320970130831893
0.320970130831893	0.129659343372007	0.234571710688719	0.314798815107381
0.333312762280918	0.0926314490249321	0.148173290545544	0.425882498148605
0.203715132066156	0.197543816341644	0.179029869168107	0.419711182424093
0.327141446556406	0.154344606270057	0.0556035546778573	0.46291039249568
0.345655393729943	0.135830659096519	0.129659343372007	0.38885460380153
0.185201184892619	0.320970130831893	0.00623302888175759	0.48759565539373
0.999814860528265	6.17131572451247e-05	6.17131572451247e-05	6.17131572451247e-05
6.17131572451247e-05	6.17131572451247e-05	0.999814860528265	6.17131572451247e-05
0.654221179955567	0.142001974821032	0.0679461861268822	0.135830659096519
0.135830659096519	0.191372500617132	0.0988027647494446	0.573994075536905
0.481424339669218	0.117316711922982	0.203715132066156	0.197543816341644
