sep=2	barwidth=20	rows=17	cols=4	population=351.04	pseudo=0.01
//Colors and order
A	0	255	0
C	0	0	255
G	0	0	0
T	255	0	0
//logscore=1.80829271192318	1.81055696240089	1.83922824903036	1.79752765068269	1.82048879284731	1.73194821937959	1.65820049474626	1.57668979579246	0.706876232045044	0.136780865680987	1.28303240793798	0.875999291846376	0.00141368344373246	0.00141368344373246	1.78587423671244	1.93235484446651	1.96415980219101
//Weight
A	C	G	T
0.304837055606199	0.136765041020966	0.122521649954421	0.435876253418414
0.313383090246126	0.156705788514129	0.105429580674567	0.424481540565178
0.324777803099362	0.148159753874202	0.12537032816773	0.401692114858705
0.282047629899727	0.168100501367366	0.0997322242479489	0.450119644484959
0.336172515952598	0.162403144940747	0.102580902461258	0.398843436645397
0.390297402005469	0.102580902461258	0.102580902461258	0.404540793072015
0.378902689152233	0.102580902461258	0.0712454421148587	0.44727096627165
0.276350273473108	0.0826401549680948	0.0826401549680948	0.558369416590702
0.0683967639015497	0.0370613035551504	0.0171205560619872	0.877421376481313
2.84867821330902e-05	0.0142718778486782	0.00287716499544211	0.982822470373746
0.0797914767547858	0.128219006381039	0.0712454421148587	0.720744074749316
0.0285152689152233	0.783414995442115	2.84867821330902e-05	0.188041248860529
0.999914539653601	2.84867821330902e-05	2.84867821330902e-05	2.84867821330902e-05
2.84867821330902e-05	2.84867821330902e-05	0.999914539653601	2.84867821330902e-05
0.410238149498633	0.113975615314494	0.353264585232452	0.122521649954421
0.262106882406563	0.179495214220602	0.18519257064722	0.373205332725615
0.319080446672744	0.210830674567001	0.182343892433911	0.287744986326345
