sep=2	barwidth=20	rows=17	cols=4	population=93705.04	pseudo=0.01
//Colors and order
A	0	255	0
C	0	0	255
G	0	0	0
T	255	0	0
//logscore=1.77601195905271	1.77746456145456	1.79327668140892	1.78025110627371	1.76345930820578	1.70784731282371	1.61491469690606	1.54321816759485	0.70622788353441	0.233058831403079	1.41195151733078	0.835761912563232	7.87654218786767e-06	7.87654218786767e-06	1.83866413477792	1.91125525449602	1.96880046474936
//Weight
A	C	G	T
0.371388881537215	0.144218603396359	0.0901660145494842	0.394226500516941
0.339853758132967	0.145894073573844	0.0925778378622964	0.421674330430893
0.340440706284315	0.14722804664509	0.0989915803888457	0.413339666681749
0.34207348932352	0.158209312967584	0.0854811011232694	0.414236096585627
0.378763084675061	0.152756031052332	0.0788859382590307	0.389594946013576
0.407406154460849	0.11929998642549	0.0770503913129966	0.396243467800665
0.42850427255567	0.0810843258804436	0.0711702380149456	0.41924116354894
0.288469115428583	0.0815325408323821	0.0680113897822358	0.561986953956799
0.0620245186384852	0.0351956522295919	0.0229551153278415	0.879824713804081
0.00818536548300924	0.0171283209526403	0.00429016411497183	0.970396149449379
0.0879676269280713	0.163972076635366	0.0785230975836519	0.669537198852911
0.0347901244159332	0.821279303653251	0.00501584546572949	0.138914726465087
0.999999679846463	1.06717845699655e-07	1.06717845699655e-07	1.06717845699655e-07
1.06717845699655e-07	1.06717845699655e-07	0.999999679846463	1.06717845699655e-07
0.433754790564093	0.152563938930073	0.28016646703315	0.133514803472684
0.306280323875856	0.183223975999583	0.148935532176284	0.361560167948277
0.312267195019606	0.222197333249097	0.180972229455321	0.284563242275976
