sep=2	barwidth=20	rows=17	cols=4	population=22.04	pseudo=0.01
//Colors and order
A	0	255	0
C	0	0	255
G	0	0	0
T	255	0	0
//logscore=1.84254829976956	1.65122630280047	1.70938267252137	1.41562463055042	1.50747315101017	1.84593398310469	1.21371510903922	1.21371510903922	0.960770972028494	0.279718327891484	1.34361918035611	0.873247074382803	0.0170793392466033	0.0170793392466033	1.34788447629832	1.86817636088459	1.85904554481431
//Weight
A	C	G	T
0.227313974591652	0.136569872958258	0.181941923774955	0.454174228675136
0.408802177858439	0.0458257713248639	0.136569872958258	0.408802177858439
0.408802177858439	0.181941923774955	0.0458257713248639	0.363430127041742
0.363430127041742	0.0458257713248639	0.0458257713248639	0.54491833030853
0.408802177858439	0.181941923774955	0.000453720508166969	0.408802177858439
0.363430127041742	0.136569872958258	0.136569872958258	0.363430127041742
0.54491833030853	0.000453720508166969	0.0458257713248639	0.408802177858439
0.408802177858439	0.0458257713248639	0.000453720508166969	0.54491833030853
0.0458257713248639	0.0911978221415608	0.0458257713248639	0.817150635208712
0.0458257713248639	0.000453720508166969	0.000453720508166969	0.953266787658802
0.0458257713248639	0.0911978221415608	0.181941923774955	0.681034482758621
0.0911978221415608	0.817150635208712	0.000453720508166969	0.0911978221415608
0.998638838475499	0.000453720508166969	0.000453720508166969	0.000453720508166969
0.000453720508166969	0.000453720508166969	0.998638838475499	0.000453720508166969
0.499546279491833	0.000453720508166969	0.408802177858439	0.0911978221415608
0.363430127041742	0.272686025408348	0.0911978221415608	0.272686025408348
0.454174228675136	0.181941923774955	0.181941923774955	0.181941923774955
