sep=2	barwidth=20	rows=17	cols=4	population=6.04	pseudo=0.01
//Colors and order
A	0	255	0
C	0	0	255
G	0	0	0
T	255	0	0
//logscore=1.03204870387915	1.91939563440821	1.91939563440821	1.47572216914368	1.03204870387915	0.951165966253245	1.47572216914368	1.47572216914368	1.47572216914368	0.951165966253245	1.27054124839083	0.0530339949419293	0.0530339949419293	0.0530339949419293	1.79509745128126	1.47572216914368	1.60002035227062
//Weight
A	C	G	T
0.498344370860927	0.00165562913907285	0.00165562913907285	0.498344370860927
0.332781456953642	0.167218543046358	0.167218543046358	0.332781456953642
0.332781456953642	0.167218543046358	0.167218543046358	0.332781456953642
0.00165562913907285	0.498344370860927	0.167218543046358	0.332781456953642
0.00165562913907285	0.498344370860927	0.00165562913907285	0.498344370860927
0.00165562913907285	0.663907284768212	0.332781456953642	0.00165562913907285
0.332781456953642	0.498344370860927	0.00165562913907285	0.167218543046358
0.332781456953642	0.498344370860927	0.00165562913907285	0.167218543046358
0.00165562913907285	0.498344370860927	0.167218543046358	0.332781456953642
0.00165562913907285	0.332781456953642	0.00165562913907285	0.663907284768212
0.167218543046358	0.00165562913907285	0.663907284768212	0.167218543046358
0.00165562913907285	0.995033112582781	0.00165562913907285	0.00165562913907285
0.995033112582781	0.00165562913907285	0.00165562913907285	0.00165562913907285
0.00165562913907285	0.995033112582781	0.00165562913907285	0.00165562913907285
0.498344370860927	0.167218543046358	0.167218543046358	0.167218543046358
0.00165562913907285	0.332781456953642	0.167218543046358	0.498344370860927
0.332781456953642	0.00165562913907285	0.332781456953642	0.332781456953642
