sep=2	barwidth=20	rows=17	cols=4	population=185.04	pseudo=0.01
//Colors and order
A	0	255	0
C	0	0	255
G	0	0	0
T	255	0	0
//logscore=1.8533200039041	1.86593355742473	1.86360287740458	1.72468754617134	1.8031451232153	1.84687946392216	1.84106009777634	1.77044881241039	1.68264990697176	1.55763566221246	1.94931667658232	1.37387390969861	0.00253212186044379	0.00253212186044379	1.85782775863533	1.8645578383613	1.9956719213657
//Weight
A	C	G	T
0.281074362300043	0.200010808473844	0.10813878080415	0.410776048421963
0.25405317769131	0.200010808473844	0.12435149156939	0.421584522265456
0.20541504539559	0.17298962386511	0.17298962386511	0.448605706874189
0.178393860786857	0.22162775616083	0.0865218331171639	0.513456549935149
0.200010808473844	0.243244703847817	0.0973303069606572	0.459414180717683
0.17298962386511	0.259457414613057	0.129755728491137	0.437797233030696
0.25405317769131	0.281074362300043	0.0811175961954172	0.38375486381323
0.200010808473844	0.313499783830523	0.0649048854301773	0.421584522265456
0.0919260700389105	0.297287073065283	0.10813878080415	0.502648076091656
0.162181150021617	0.232436230004323	0.037883700821444	0.567498919152616
0.291882836143537	0.145968439256377	0.25405317769131	0.308095546908776
0.0649048854301773	0.621541288370082	0.037883700821444	0.275670125378297
0.999837872892348	5.40423692174665e-05	5.40423692174665e-05	5.40423692174665e-05
5.40423692174665e-05	5.40423692174665e-05	0.999837872892348	5.40423692174665e-05
0.30269130998703	0.162181150021617	0.405371811500216	0.129755728491137
0.28647859922179	0.18920233463035	0.118947254647644	0.405371811500216
0.22162775616083	0.27026588845655	0.243244703847817	0.264861651534803
