sep=2	barwidth=20	rows=17	cols=4	population=11.04	pseudo=0.01
//Colors and order
A	0	255	0
C	0	0	255
G	0	0	0
T	255	0	0
//logscore=1.7915295874119	1.6200804605572	1.86871536785091	1.7915295874119	1.82446430487442	1.85953330354294	1.93671908398195	1.68808417668824	1.82446430487442	1.54879519156065	1.32005933513381	1.44534978083699	0.0313838520006597	0.0313838520006597	1.86871536785091	1.50454412858416	1.50454412858416
//Weight
A	C	G	T
0.272644927536232	0.182065217391304	0.0914855072463768	0.453804347826087
0.272644927536232	0.0914855072463768	0.0914855072463768	0.544384057971015
0.363224637681159	0.272644927536232	0.0914855072463768	0.272644927536232
0.182065217391304	0.453804347826087	0.0914855072463768	0.272644927536232
0.363224637681159	0.363224637681159	0.182065217391304	0.0914855072463768
0.182065217391304	0.453804347826087	0.182065217391304	0.182065217391304
0.272644927536232	0.182065217391304	0.182065217391304	0.363224637681159
0.182065217391304	0.182065217391304	0.0914855072463768	0.544384057971015
0.182065217391304	0.363224637681159	0.0914855072463768	0.363224637681159
0.272644927536232	0.272644927536232	0.000905797101449275	0.453804347826087
0.634963768115942	0.182065217391304	0.000905797101449275	0.182065217391304
0.182065217391304	0.272644927536232	0.000905797101449275	0.544384057971015
0.997282608695652	0.000905797101449275	0.000905797101449275	0.000905797101449275
0.000905797101449275	0.000905797101449275	0.997282608695652	0.000905797101449275
0.272644927536232	0.363224637681159	0.272644927536232	0.0914855072463768
0.453804347826087	0.182065217391304	0.000905797101449275	0.363224637681159
0.453804347826087	0.182065217391304	0.000905797101449275	0.363224637681159
