sep=2	barwidth=20	rows=17	cols=4	population=40637.04	pseudo=0.01
//Colors and order
A	0	255	0
C	0	0	255
G	0	0	0
T	255	0	0
//logscore=1.82970027502096	1.8206050828315	1.81898158701503	1.77606448189653	1.77649861909405	1.82925101224799	1.83871932619233	1.75827105350694	1.55159517703849	1.47829375738887	1.96838626908037	1.1328117041103	1.72727086405565e-05	1.72727086405565e-05	1.95239286762666	1.92857412675373	1.9937571252004
//Weight
A	C	G	T
0.231513171234913	0.219824327756155	0.104510810826773	0.444151690182159
0.220857867600593	0.216945181046651	0.10665171479025	0.455545236562506
0.221177772790538	0.22253121782492	0.102960501060117	0.453330508324425
0.209267456487973	0.221669934621222	0.0903119420115245	0.478750666879281
0.19312454844152	0.247262349816817	0.087974173315773	0.471638928425889
0.204813391920278	0.286315391081634	0.092551278341139	0.416319938656949
0.225213499802151	0.273494575392302	0.0913700899474962	0.409921834858051
0.189753239901331	0.300588084171485	0.0671065116947494	0.442552164232434
0.112926778131478	0.238994031061317	0.062701663310123	0.585377527497081
0.11701172132616	0.21222042747208	0.0495609424308463	0.621206908770914
0.267244120142609	0.1649974998179	0.272042697991783	0.295715682047708
0.05453177692076	0.681447516846699	0.00238723095973526	0.261633475272805
0.999999261757254	2.46080915342259e-07	2.46080915342259e-07	2.46080915342259e-07
2.46080915342259e-07	2.46080915342259e-07	0.999999261757254	2.46080915342259e-07
0.316263438478787	0.216945181046651	0.303664095613263	0.163127284861299
0.235130560690444	0.209095199847233	0.170608144687704	0.385166094774619
0.267096471593403	0.271648968527235	0.213303183499586	0.247951376379776
