sep=2	barwidth=20	rows=17	cols=4	population=169.04	pseudo=0.01
//Colors and order
A	0	255	0
C	0	0	255
G	0	0	0
T	255	0	0
//logscore=1.62194557320492	1.80874097896337	1.8003488754526	1.8070621027764	1.88568981588673	1.95946937014592	1.9198026600894	1.97966166347546	1.99062902694001	1.8492590804163	1.93210760414108	1.3745972364071	0.00274863536423828	0.00274863536423828	1.89492271068572	1.61342975383454	1.93900930798274
//Weight
A	C	G	T
0.218942262186465	0.242605300520587	0.0296379555134879	0.508814481779461
0.325425934690014	0.118374349266446	0.136121628017037	0.420078088026503
0.449656885944155	0.183447704685282	0.0947113109323237	0.272184098438239
0.349088973024136	0.366836251774728	0.0710482725982016	0.213026502602934
0.295847136772362	0.319510175106484	0.0947113109323237	0.289931377188831
0.177531945101751	0.331341694273545	0.213026502602934	0.27809985802177
0.201194983435873	0.284015617605301	0.147953147184098	0.366836251774728
0.248521060104117	0.224858021769995	0.207110743019404	0.319510175106484
0.218942262186465	0.272184098438239	0.224858021769995	0.284015617605301
0.118374349266446	0.319510175106484	0.16570042593469	0.396415049692381
0.153868906767629	0.284015617605301	0.207110743019404	0.355004732607667
0.0828797917652627	0.556140558447705	0.0118906767628964	0.349088973024136
0.999822527212494	5.91575958353053e-05	5.91575958353053e-05	5.91575958353053e-05
5.91575958353053e-05	0.999822527212494	5.91575958353053e-05	5.91575958353053e-05
0.420078088026503	0.224858021769995	0.171616185518221	0.183447704685282
0.0769640321817321	0.171616185518221	0.171616185518221	0.579803596781827
0.349088973024136	0.15978466635116	0.207110743019404	0.284015617605301
