sep=2	barwidth=20	rows=17	cols=4	population=469.04	pseudo=0.01
//Colors and order
A	0	255	0
C	0	0	255
G	0	0	0
T	255	0	0
//logscore=1.888678969557	1.92898010436884	1.93561136990321	1.95258592312411	1.95730041042655	1.94929332567459	1.95009923624527	1.95723632877109	1.92845750698976	1.7968688056569	1.88594574180415	1.23051372696443	0.00108477351037902	0.00108477351037902	1.82161682153833	1.72240990286154	1.85519411434613
//Weight
A	C	G	T
0.336879583830803	0.238806924782535	0.104490022172949	0.319823469213713
0.334747569503667	0.262259082381034	0.130074194098584	0.272919154016715
0.283579225652396	0.28144721132526	0.130074194098584	0.304899368923759
0.253731025072489	0.275051168343851	0.151394337369947	0.319823469213713
0.24733498209108	0.292107282960941	0.15565836602422	0.304899368923759
0.226014838819717	0.226014838819717	0.183374552276991	0.364595770083575
0.204694695548354	0.28144721132526	0.17271448064131	0.341143612485076
0.253731025072489	0.266523111035306	0.157790380351356	0.321955483540849
0.194034623912673	0.326219512195122	0.153526351697083	0.326219512195122
0.168450451987037	0.364595770083575	0.0853018932287225	0.381651884700665
0.187638580931264	0.319823469213713	0.125810165444312	0.366727784410711
0.117282108135767	0.695057990789698	0.00854937745181648	0.179110523622719
0.999936039570186	2.13201432713628e-05	2.13201432713628e-05	2.13201432713628e-05
2.13201432713628e-05	2.13201432713628e-05	0.999936039570186	2.13201432713628e-05
0.475460515094661	0.200430666894082	0.140734265734266	0.183374552276991
0.123678151117175	0.226014838819717	0.125810165444312	0.524496844618796
0.449876343169026	0.166318437659901	0.159922394678492	0.223882824492581
