sep=2	barwidth=20	rows=17	cols=4	population=1602.04	pseudo=0.01
//Colors and order
A	0	255	0
C	0	0	255
G	0	0	0
T	255	0	0
//logscore=1.80970917598562	1.75210748398776	1.74214226668308	1.60952742114511	1.73335137557094	1.75324246745539	1.79806908081117	1.75041788520322	1.64641260505159	1.61577756465655	1.99015881031602	1.22412554454988	0.000350782106130451	0.000350782106130451	1.67776584954196	1.93806348709982	1.99233007879396
//Weight
A	C	G	T
0.131713315522709	0.284643329754563	0.134834336221318	0.448809018501411
0.116732416169384	0.266541409702629	0.126719682404934	0.490006491723053
0.116732416169384	0.292133779431225	0.111738783051609	0.479395021347782
0.0842738009038476	0.242197448253477	0.108617762353	0.564910988489676
0.100503108536616	0.274656063519013	0.131713315522709	0.493127512421662
0.10175151681606	0.294006391850391	0.132961723802152	0.471280367531397
0.124222865846046	0.335203865072033	0.121726049287159	0.418847219794762
0.130464907243265	0.343942723028139	0.091140046440788	0.434452323287808
0.095509475418841	0.36454145963896	0.0742865346682979	0.465662530273901
0.0942610671393973	0.284019125614841	0.0830253926244039	0.538694414621358
0.239700631694589	0.257802551746523	0.210987241267384	0.291509575291503
0.052439389778033	0.637942872837133	0.00999350827694689	0.299624229107887
0.999981273875808	6.24204139721855e-06	6.24204139721855e-06	6.24204139721855e-06
6.24204139721855e-06	6.24204139721855e-06	0.999981273875808	6.24204139721855e-06
0.268414022121795	0.124222865846046	0.521216698709146	0.0861464133230131
0.264044593143742	0.195382137774338	0.174783401163517	0.365789867918404
0.248439489650695	0.219101895083768	0.241573244113755	0.290885371151781
