sep=2	barwidth=20	rows=17	cols=4	population=151.04	pseudo=0.01
//Colors and order
A	0	255	0
C	0	0	255
G	0	0	0
T	255	0	0
//logscore=1.64350184239329	1.79957479282962	1.78748141119841	1.86076644307113	1.84177214853544	1.95940883486284	1.96204037956813	1.94160562117302	1.95792401540801	1.88523758611711	1.95453096109423	1.49957964608441	0.0030439343494388	0.0030439343494388	1.90435458425811	1.57115737481017	1.9488992593996
//Weight
A	C	G	T
0.225172139830508	0.271517478813559	0.0265492584745763	0.476761122881356
0.350966631355932	0.132481461864407	0.112619173728814	0.403932733050847
0.43703654661017	0.218551377118644	0.0728945974576271	0.271517478813559
0.311242055084746	0.384070444915254	0.105998411016949	0.198689088983051
0.344345868644068	0.291379766949153	0.0728945974576271	0.291379766949153
0.165585275423729	0.331104343220339	0.251655190677966	0.251655190677966
0.198689088983051	0.350966631355932	0.225172139830508	0.225172139830508
0.218551377118644	0.21193061440678	0.192068326271186	0.37744968220339
0.225172139830508	0.264896716101695	0.172206038135593	0.337725105932203
0.165585275423729	0.350966631355932	0.139102224576271	0.344345868644068
0.185447563559322	0.231792902542373	0.225172139830508	0.357587394067797
0.112619173728814	0.496623411016949	0.0199284957627119	0.370828919491525
0.999801377118644	6.62076271186441e-05	6.62076271186441e-05	6.62076271186441e-05
6.62076271186441e-05	0.999801377118644	6.62076271186441e-05	6.62076271186441e-05
0.410553495762712	0.178826800847458	0.178826800847458	0.231792902542373
0.0596530720338983	0.158964512711864	0.192068326271186	0.589314088983051
0.337725105932203	0.165585275423729	0.21193061440678	0.284759004237288
