sep=2	barwidth=20	rows=17	cols=4	population=1439.04	pseudo=0.01
//Colors and order
A	0	255	0
C	0	0	255
G	0	0	0
T	255	0	0
//logscore=1.79058924281704	1.75398907591762	1.70888380587232	1.65171098252712	1.72237325858318	1.69158105436588	1.77576198503719	1.73786833824475	1.63020544656633	1.57969775238577	1.99214883222653	1.25460538590322	0.00038728792468634	0.00038728792468634	1.68358136493062	1.92156163504407	1.99545147435256
//Weight
A	C	G	T
0.119531076273071	0.264071881254169	0.145937569490772	0.470459472981988
0.111887091394263	0.259902434956638	0.136208861463198	0.492001612185902
0.0972940293529019	0.262682065821659	0.12856487658439	0.51145902824105
0.087565321325328	0.266851512119191	0.111192183678008	0.534390982877474
0.103548198799199	0.268936235267956	0.125090338003113	0.502425227929731
0.0959042139203914	0.308545975094507	0.104243106515455	0.491306704469646
0.117446353124305	0.320359406270847	0.119531076273071	0.442663164331777
0.11675144540805	0.337037191460974	0.0979889370691572	0.448222426061819
0.0896500444740938	0.341901545474761	0.0771417055814988	0.491306704469646
0.105632921947965	0.27727512786302	0.0632435512563932	0.553848398932622
0.259207527240382	0.242529742050256	0.213343617967534	0.284919112741828
0.0632435512563932	0.618474816544363	0.00695602623971537	0.311325605959529
0.999979152768512	6.94907716255281e-06	6.94907716255281e-06	6.94907716255281e-06
6.94907716255281e-06	6.94907716255281e-06	0.999979152768512	6.94907716255281e-06
0.275885312430509	0.120225983989326	0.514933566822326	0.0889551367578386
0.257122804091617	0.175123693573493	0.182072770736046	0.385680731598844
0.242529742050256	0.22863158772515	0.246004280631532	0.282834389593062
