sep=2	barwidth=20	rows=17	cols=4	population=444.04	pseudo=0.01
//Colors and order
A	0	255	0
C	0	0	255
G	0	0	0
T	255	0	0
//logscore=1.91627655815766	1.86861866829423	1.87876854255117	1.93120105576027	1.95140837555979	1.96524091487221	1.95954929213293	1.95607626599229	1.94436828513481	1.85963936091313	1.91701888469087	1.24726451547259	0.00114050862494035	0.00114050862494035	1.79237523791854	1.76832631440225	1.88149612448794
//Weight
A	C	G	T
0.328821727772273	0.243243851905234	0.121633186199441	0.306301234123052
0.362602468246104	0.290536888568597	0.0923565444554545	0.254504098729844
0.299545086028286	0.310805332852896	0.0901044950905324	0.299545086028286
0.245495901270156	0.295040987298442	0.132893433024052	0.326569678407351
0.279276641743987	0.256756148094766	0.148657778578506	0.31530943158274
0.211715160796325	0.272520493649221	0.186942617782182	0.328821727772273
0.213967210161247	0.274772543014143	0.177934420322493	0.333325826502117
0.229731555715701	0.268016394919377	0.166674173497883	0.335577875867039
0.204959012701558	0.306301234123052	0.162170074768039	0.326569678407351
0.146405729213584	0.344586073326727	0.137397531753896	0.371610665705792
0.204959012701558	0.319813530312584	0.137397531753896	0.337829925231961
0.105868840644987	0.682393478065039	0.00903071795333754	0.202706963336636
0.999932438519052	2.25204936492208e-05	2.25204936492208e-05	2.25204936492208e-05
2.25204936492208e-05	2.25204936492208e-05	0.999932438519052	2.25204936492208e-05
0.497725430141429	0.191446716512026	0.153161877308351	0.157665976038195
0.123885235564364	0.23873975317539	0.14190163048374	0.495473380776507
0.432415998558688	0.177934420322493	0.171178272227727	0.218471308891091
